Interior=0
NITRO=1
CP_TYPE=0
CP_SIZE=8
ON_FOOT=0
CarModel=470
Angle=13.180584
C0_Spawn=-138.261444,607.913452,2.072994
C1_Spawn=-134.337554,608.741577,2.073813
C2_Spawn=-136.986892,602.054931,2.069622
C3_Spawn=-132.779830,602.932067,2.071862
C4_Spawn=-131.562576,597.363891,2.071912
C5_Spawn=-135.695266,596.275085,2.071658
C6_Spawn=-134.472732,590.799255,2.108971
C7_Spawn=-130.305953,591.758666,2.108502
C8_Spawn=-129.137680,586.135314,2.278727
C9_Spawn=-133.154083,585.348022,2.279077
CP_NUM=29
CP_0=-145.905853,640.255493,2.302573
CP_1=-282.166381,624.750061,14.441273
CP_2=-127.505073,753.254882,20.705671
CP_3=-127.486274,820.263183,20.840824
CP_4=-294.630004,814.462829,14.462772
CP_5=-480.729431,1056.928222,11.023438
CP_6=-815.865051,1363.121337,13.601438
CP_7=-886.427551,1661.928710,27.090623
CP_8=-1176.773315,1805.509521,40.485858
CP_9=-1273.904296,1997.555908,64.601127
CP_10=-1067.670776,2200.091308,87.774940
CP_11=-1124.267822,2548.363281,76.806419
CP_12=-1213.230834,2686.245849,46.079147
CP_13=-784.992919,2718.767822,45.324687
CP_14=-738.315124,2645.155761,64.704620
CP_15=-716.884582,2521.122558,74.882720
CP_16=-788.107116,2513.755615,95.712425
CP_17=-830.857116,2361.284423,121.262557
CP_18=-732.123718,2350.213134,125.917350
CP_19=-712.556213,2466.436523,120.365097
CP_20=-527.606689,2346.509521,72.018066
CP_21=-393.163940,2287.553955,39.674423
CP_22=-396.209869,2461.741699,41.932155
CP_23=-345.687438,2514.515380,35.901645
CP_24=-379.700439,2591.097900,40.648136
CP_25=-423.534606,2716.877197,62.268646
CP_26=-546.629943,2710.480468,66.333824
CP_27=-631.005126,2612.172607,88.181961
CP_28=-517.871826,2436.049072,58.496994
