Interior=0
NITRO=0
CP_TYPE=0
CP_SIZE=10
ON_FOOT=0
CarModel=473
Angle=88.029083
C0_Spawn=-497.540954,2165.330810,40.302211
C1_Spawn=-495.027801,2169.219482,40.369678
C2_Spawn=-493.527130,2173.661865,40.321475
C3_Spawn=-491.530273,2177.307128,40.362762
C4_Spawn=-490.038452,2179.936279,40.332969
C5_Spawn=-489.141387,2182.692871,40.346630
C6_Spawn=-489.039855,2186.564453,40.340267
C7_Spawn=-488.211090,2190.134033,40.312744
C8_Spawn=-487.587707,2194.134765,40.347091
C9_Spawn=-487.702453,2198.590576,40.325817
CP_0=-598.073608,2190.443359,40.330436
CP_1=-776.977600,2120.970703,40.321277
CP_2=-901.403259,2167.121093,40.338821
CP_3=-937.997802,2416.815185,40.346984
CP_4=-858.914794,2541.160644,40.311443
CP_5=-956.892761,2633.746337,40.324932
CP_6=-1012.257141,2721.642089,40.347339
CP_7=-1059.982666,2681.637207,40.374710
CP_8=-1112.787353,2712.129150,40.237800
CP_9=-1162.282714,2694.026611,40.345012
CP_10=-1100.087646,2600.536376,40.310035
CP_11=-955.374877,2308.571777,40.418746
CP_12=-796.682617,2122.830566,40.389163
CP_13=-656.441223,2173.108886,40.370002
CP_14=-613.857421,2129.010498,40.322910
CP_15=-678.135009,2122.848388,40.295749
CP_16=-784.192077,2118.961425,40.413082
CP_17=-1036.508422,2187.335937,40.374938
CP_18=-1233.033569,2135.348388,40.426239
CP_19=-1359.855834,2117.248291,40.338447
CP_NUM=20
