Interior=7
NITRO=1
CP_TYPE=0
CP_SIZE=10
ON_FOOT=0
CarModel=494
Angle=3.225235
C0_Spawn=-1402.567504,-190.284606,1043.087890
C1_Spawn=-1398.501220,-189.875122,1043.092163
C2_Spawn=-1394.637329,-189.431381,1043.099121
C3_Spawn=-1393.923095,-201.067718,1043.011596
C4_Spawn=-1397.765258,-201.202316,1043.005737
C5_Spawn=-1401.697875,-201.532165,1043.001831
C6_Spawn=-1393.459960,-212.509414,1043.009521
C7_Spawn=-1397.398315,-212.666580,1043.003906
C8_Spawn=-1401.028686,-212.996368,1042.999267
C9_Spawn=-1396.854858,-221.889114,1043.062255
CP_0=-1408.879760,-146.630096,1044.010253
CP_1=-1530.832397,-214.006164,1050.553833
CP_2=-1398.270874,-217.087051,1051.019409
CP_3=-1287.265747,-156.204223,1050.282714
CP_4=-1377.039184,-277.383483,1044.616333
CP_5=-1414.349121,-139.717254,1044.363281
CP_6=-1528.944824,-228.255157,1050.582397
CP_7=-1397.601196,-198.410629,1051.327392
CP_8=-1267.385375,-183.953308,1050.574584
CP_9=-1388.022705,-263.763000,1043.885620
CP_10=-1410.457397,-144.887023,1044.090942
CP_11=-1398.116821,-209.022338,1051.156494
CP_12=-1271.292358,-173.765853,1050.560424
CP_13=-1381.451171,-274.131500,1044.359130
CP_14=-1414.967041,-139.244873,1044.404296
CP_15=-1528.451049,-229.375823,1050.583496
CP_16=-1397.009033,-194.024749,1051.357055
CP_17=-1264.734130,-197.096847,1050.549194
CP_18=-1387.554809,-265.059600,1043.925537
CP_19=-1401.182861,-170.110229,1043.380615
CP_NUM=20
