Interior=4
NITRO=1
CP_TYPE=0
CP_SIZE=10
ON_FOOT=0
CarModel=471
Angle=85.062088
C0_Spawn=-1381.184936,-667.745788,1055.423828
C1_Spawn=-1380.866333,-664.779296,1055.421142
C2_Spawn=-1380.725219,-661.573425,1055.426025
C3_Spawn=-1375.547729,-662.144775,1055.426635
C4_Spawn=-1375.627929,-665.220397,1055.423706
C5_Spawn=-1376.043090,-668.181335,1055.425537
C6_Spawn=-1370.767211,-662.713256,1055.427978
C7_Spawn=-1370.995849,-665.623840,1055.420532
C8_Spawn=-1371.243896,-668.576721,1055.426391
C9_Spawn=-1366.525756,-665.999145,1055.421020
CP_0=-1422.248168,-664.168945,1059.100952
CP_1=-1488.015014,-647.911010,1053.520629
CP_2=-1451.059692,-612.236267,1053.210571
CP_3=-1446.046752,-684.444458,1053.104736
CP_4=-1395.332153,-721.799011,1055.304687
CP_5=-1331.428100,-704.616027,1055.583984
CP_6=-1400.751464,-676.237243,1052.038940
CP_7=-1376.786621,-618.695678,1051.907348
CP_8=-1293.508056,-647.357604,1055.669677
CP_9=-1383.085205,-589.032470,1055.665283
CP_10=-1524.036499,-603.641296,1055.525024
CP_11=-1512.408935,-712.485900,1053.844116
CP_12=-1381.034301,-741.862365,1051.601806
CP_13=-1291.499389,-713.680419,1054.588867
CP_14=-1419.141113,-663.868957,1058.819458
CP_15=-1491.470703,-632.115478,1054.335205
CP_16=-1422.062255,-625.736206,1051.205322
CP_17=-1447.935302,-694.035095,1053.133911
CP_18=-1381.619873,-721.690917,1055.306396
CP_19=-1332.795898,-695.834472,1055.191650
CP_20=-1403.755249,-672.713989,1051.774658
CP_21=-1374.116699,-619.132446,1051.996826
CP_22=-1288.746826,-645.628479,1055.495483
CP_23=-1383.794067,-588.846069,1055.662841
CP_24=-1525.690673,-601.688110,1055.450317
CP_25=-1517.005859,-707.936523,1054.674804
CP_26=-1301.493286,-736.461547,1048.921875
CP_27=-1331.157348,-674.216552,1055.425903
CP_28=-1409.303833,-664.026000,1057.922363
CP_NUM=29
