Interior=0
NITRO=0
CP_SIZE=25
ON_FOOT=0
CarModel=522
Angle=179.757156
C0_Spawn=1782.529174,2319.141845,5.763009
C1_Spawn=1785.234985,2319.086914,5.755597
C2_Spawn=1787.981079,2319.112792,5.757734
C3_Spawn=1790.757934,2319.063720,5.757306
C4_Spawn=1793.316650,2319.044677,5.752262
C5_Spawn=1800.662353,2319.044677,5.760262
C6_Spawn=1803.528198,2319.096191,5.758401
C7_Spawn=1806.124633,2319.103515,5.759918
C8_Spawn=1808.956054,2319.139892,5.759869
C9_Spawn=1811.787963,2318.985351,5.754909
CP_0=1797.476562,2245.322021,4.550240
CP_1=1797.223754,1576.834960,6.267913
CP_2=1797.632568,839.944030,10.227927
CP_3=1642.638305,236.254638,29.721857
CP_4=1657.227050,-196.714019,35.491889
CP_5=1705.657958,-508.134429,33.721916
CP_6=1631.304565,-1175.574340,54.954826
CP_7=1603.115966,-1683.341674,28.133098
CP_8=1639.581298,-2055.057373,21.010995
CP_9=1388.128662,-2142.056152,13.111498
CP_10=1339.865478,-2343.812744,13.113230
CP_11=1355.411132,-2625.310791,13.116396
CP_12=1592.196166,-2675.831787,5.667209
CP_13=2097.749511,-2670.247802,13.110354
CP_14=2177.450683,-2404.564697,13.119290
CP_15=2404.273925,-2175.284667,13.117787
CP_16=2790.348632,-2139.675292,10.665163
CP_17=2867.484130,-1655.482299,10.440487
CP_18=2882.890625,-816.476989,10.438498
CP_NUM=19
