Interior=0
NITRO=0
CP_TYPE=0
CP_SIZE=2
ON_FOOT=1
CarModel=481
Angle=172.1557
C0_Spawn=2174.9470,-987.9424,64.4688
C1_Spawn=2176.1492,-988.4948,64.4688
C2_Spawn=2177.4863,-988.8168,64.4688
C3_Spawn=2177.9475,-986.9862,64.4688
C4_Spawn=2176.4314,-987.1790,64.4688
C5_Spawn=2175.0596,-986.7509,64.4688
C6_Spawn=2175.3364,-985.0007,64.4688
C7_Spawn=2176.6282,-985.5939,64.4688
C8_Spawn=2177.9504,-985.1019,64.4688
C9_Spawn=2177.0967,-983.1139,64.4688
CP_0=2174.461181,-999.785278,62.969451
CP_1=2177.342773,-1042.074462,57.318546
CP_2=2200.170410,-1059.376586,55.007812
CP_3=2222.414062,-1071.155395,53.352947
CP_4=2228.575195,-1100.793945,46.445312
CP_5=2227.233154,-1120.992919,46.438831
CP_6=2251.850097,-1132.463623,46.445312
CP_7=2262.263671,-1130.168457,46.445312
CP_8=2257.277587,-1123.086303,48.750000
CP_9=2229.872558,-1088.805419,46.445312
CP_10=2240.529785,-1074.459594,41.611419
CP_11=2221.245361,-1056.191040,46.005985
CP_12=2191.387207,-1088.524169,40.545135
CP_13=2150.151611,-1073.701416,35.457252
CP_14=2106.097900,-1040.648315,28.841382
CP_15=2083.709228,-1024.746704,33.094936
CP_16=2085.432128,-1033.580078,37.468750
CP_17=2103.001220,-1046.400390,33.031250
CP_18=2110.645263,-1052.821899,30.507812
CP_19=2133.382568,-1065.065795,32.164627
CP_20=2174.499267,-1084.433471,35.718750
CP_21=2197.739013,-1092.172973,44.304687
CP_22=2203.931884,-1098.166748,39.257812
CP_NUM=23
