Interior=0
NITRO=1
CP_SIZE=7
ON_FOOT=0
CarModel=500
Angle=296.261596
C0_Spawn=-2386.280517,-2184.085937,33.394718
C1_Spawn=-2383.568115,-2189.946289,33.396633
C2_Spawn=-2380.882812,-2198.022216,33.400352
C3_Spawn=-2391.083496,-2186.582519,33.374668
C4_Spawn=-2385.654541,-2200.437255,33.391193
C5_Spawn=-2396.083984,-2189.262451,33.397319
C6_Spawn=-2390.170654,-2203.145996,33.399879
C7_Spawn=-2401.003662,-2191.831787,33.397357
C8_Spawn=-2394.543457,-2204.987792,33.413520
C9_Spawn=-2398.544921,-2207.693603,33.380245
CP_0=-2319.455322,-2171.160400,38.561279
CP_1=-2193.816650,-2075.639648,82.067626
CP_2=-2103.113525,-1888.499511,110.476737
CP_3=-2156.098144,-1977.144287,118.599266
CP_4=-2322.139892,-2096.872558,115.142631
CP_5=-2438.238769,-2084.301025,124.657325
CP_6=-2524.482421,-1971.594726,174.449172
CP_7=-2648.258056,-1728.628295,258.443450
CP_8=-2517.780273,-1887.104248,296.984680
CP_9=-2603.948730,-1687.301635,331.479125
CP_10=-2588.699707,-1626.479980,344.915527
CP_11=-2527.922607,-1803.599731,376.704986
CP_12=-2560.472900,-1746.221313,385.601379
CP_13=-2542.136230,-1670.677368,400.950408
CP_14=-2445.061279,-1811.548461,410.410583
CP_15=-2453.285400,-1721.019653,430.968231
CP_16=-2343.219970,-1817.553833,433.979858
CP_17=-2286.261962,-1705.435180,477.530914
CP_18=-2325.130126,-1622.729858,483.811553
CP_NUM=19
