Interior=0
NITRO=1
CP_SIZE=8
ON_FOOT=0
CarModel=562
Angle=31.905084
CP_NUM=14
C0_Spawn=-2095.035888,-1126.734863,30.113981
C1_Spawn=-2090.667968,-1124.577392,30.100498
C2_Spawn=-2087.853027,-1130.436401,30.240781
C3_Spawn=-2091.929443,-1132.607910,30.238494
C4_Spawn=-2088.784912,-1138.033325,30.360908
C5_Spawn=-2084.892578,-1135.926635,30.358400
C6_Spawn=-2085.650146,-1143.385620,30.476896
C7_Spawn=-2081.844238,-1141.286499,30.476684
C8_Spawn=-2078.761962,-1146.873413,30.641431
C9_Spawn=-2082.532470,-1148.971801,30.658138
CP_0=-2128.044433,-1059.969116,30.228000
CP_1=-2215.488525,-973.128845,38.568717
CP_2=-2217.011230,-747.566650,63.323753
CP_3=-2342.210937,-790.571777,93.246948
CP_4=-2343.320556,-696.974731,112.524093
CP_5=-2422.814941,-608.740844,132.220336
CP_6=-2470.265869,-490.379547,102.563529
CP_7=-2627.913085,-495.737304,69.875007
CP_8=-2429.821044,-417.488067,85.318397
CP_9=-2320.736816,-450.444030,79.557334
CP_10=-2463.602294,-367.751892,67.358749
CP_11=-2675.867431,-422.535217,31.754045
CP_12=-2680.821044,-523.144897,16.668382
CP_13=-2791.854492,-482.979492,6.846329
