Interior=0
NITRO=0
CP_TYPE=0
CP_SIZE=50
ON_FOOT=0
CarModel=601
Angle=86.856430
C0_Spawn=1516.672851,551.132629,-45.159587
C1_Spawn=1515.979858,546.667114,-45.641880
C2_Spawn=1515.595092,542.523132,-45.543640
C3_Spawn=1515.203613,538.701477,-45.407752
C4_Spawn=1514.754638,534.739135,-45.170944
C5_Spawn=1514.476684,530.719482,-44.934696
C6_Spawn=1513.970214,526.025695,-44.655830
C7_Spawn=1513.491821,521.636047,-44.394920
C8_Spawn=1512.888427,517.296447,-44.136871
C9_Spawn=1512.668212,512.845947,-43.872379
CP_0=1434.848754,554.195556,-39.733383
CP_1=1145.918701,624.173767,-38.975700
CP_2=831.416076,520.859619,-43.436107
CP_3=389.801818,430.789367,-43.917667
CP_4=-39.170772,340.378417,-54.008636
CP_5=-600.069824,422.608825,-50.285526
CP_6=-655.621765,581.503234,-59.899055
CP_7=-605.066467,702.732482,-46.327117
CP_8=-487.222778,1117.422851,-36.877647
CP_9=-524.869445,1295.865844,-28.354633
CP_10=-666.911621,1711.811523,-40.697097
CP_11=-711.761230,1952.831176,-36.455093
CP_NUM=12
